233,223,105         // 0
233,223,105         // 1
129,29,119         // 2
142,32,131         // 3
155,35,143         // 4
170,38,157         // 5
181,40,167         // 6
189,44,174         // 7
196,48,182         // 8
205,53,190         // 9
211,56,196         // 10
214,70,200         // 11
217,84,204         // 12
221,100,208         // 13
223,111,211         // 14
227,130,217         // 15
230,145,221         // 16
234,162,226         // 17
38,26,198         // 18
38,26,198         // 19
38,26,198         // 20
38,26,198         // 21
38,26,198         // 22

